spawns:
  default:
    world: 1f655459-0ec8-4048-a435-cf63497d9dd8
    world-name: world
    x: 94.37958846357927
    y: 176.0
    z: -81.42177257698913
    yaw: 180.94956970214844
    pitch: 3.45066237449646
  all:
    world: 1f655459-0ec8-4048-a435-cf63497d9dd8
    world-name: world
    x: 99.84240906732616
    y: 176.0
    z: -82.76790539564752
    yaw: 358.84893798828125
    pitch: 10.50064754486084
