world: 1f655459-0ec8-4048-a435-cf63497d9dd8
world-name: world
x: 139.32192583574923
y: 197.0
z: -120.38912375703262
yaw: 90.87353515625
pitch: 2.4001665115356445
name: shop
lastowner: ef2c89b7-4986-326d-8153-2eb488ff9edc
