world: 1f655459-0ec8-4048-a435-cf63497d9dd8
world-name: world
x: 94.5
y: 176.0
z: -81.5
yaw: 180.94956970214844
pitch: 3.45066237449646
name: spawn
lastowner: ef2c89b7-4986-326d-8153-2eb488ff9edc
